0.000000000000000000e+00
6.527225342829784616e+00
1.263436508659766488e+01
1.649269531595556515e+01
1.936049249636032954e+01
2.061602015035663271e+01
2.104919037711716356e+01
2.102534729935737801e+01
2.072214432378497762e+01
2.044837103949588553e+01
2.009242032608823791e+01
1.979406067589023266e+01
1.948330210607605650e+01
1.923709218364707496e+01
1.902296039718756049e+01
1.886239709582128299e+01
1.857248082250843879e+01
1.843449058615521707e+01
1.830096933490503019e+01
1.817015149289737153e+01
1.804213177003773083e+01
1.791668111867531366e+01
1.779168674470854228e+01
1.765297072320836591e+01
1.752289293330405329e+01
1.731084381380676618e+01
1.716807876074998873e+01
1.701566613955431606e+01
1.685268102856301198e+01
1.667819278698556218e+01
1.649240199868424739e+01
1.629482287137614804e+01
1.608314262962890240e+01
1.585896497793911841e+01
1.560513476576578107e+01
1.530465136318056807e+01
1.497977449192781130e+01
1.461632216360807668e+01
1.420291210188492670e+01
1.374932431052173953e+01
1.324740352600429460e+01
1.269412197317383217e+01
1.207202640127931126e+01
1.145537572340319343e+01
1.083335756189531551e+01
1.020372739456221645e+01
9.569859264663644893e+00
8.974159454254966306e+00
8.364839303718120789e+00
7.768179816659662507e+00
7.283951221443777158e+00
6.904919367773259431e+00
6.558480282311687226e+00
6.249115238735152289e+00
6.074471124574701619e+00
5.939681163469764158e+00
5.929747879079331874e+00
6.108500251303613737e+00
6.814379580060163200e+00
8.262298653075045962e+00
