0.000000000000000000e+00
5.196288222982687444e+00
1.015787819971349037e+01
1.419323210312511918e+01
1.702761447368063941e+01
1.860401085839420787e+01
1.929502364935939340e+01
1.944735088251649557e+01
1.932840931309823418e+01
1.911974611611279684e+01
1.883648244926573412e+01
1.856780662775183188e+01
1.834703860641673856e+01
1.815343021954273794e+01
1.799200262570597530e+01
1.785227500680539237e+01
1.768429091731660563e+01
1.755568282500168564e+01
1.743847909016048092e+01
1.731745844201345363e+01
1.720313180460677671e+01
1.708982634891023622e+01
1.697278487798121205e+01
1.685408541276332173e+01
1.673024953403442083e+01
1.658272047442575925e+01
1.645673222867599605e+01
1.631881425152209175e+01
1.616758986080367677e+01
1.602228784446693410e+01
1.584987218395116493e+01
1.567651241072170443e+01
1.548012861085744518e+01
1.528958788502904120e+01
1.505108498430509734e+01
1.476510097187117410e+01
1.446450817306779157e+01
1.412079907972445092e+01
1.373411677771957073e+01
1.330842553925309701e+01
1.283281326044402171e+01
1.229143402041649580e+01
1.173432169838565287e+01
1.113281364575440868e+01
1.052641343635300508e+01
9.932844658075179467e+00
9.341868869075542037e+00
8.770936310811846326e+00
8.221582190033032589e+00
7.707401017149007494e+00
7.257677543265748987e+00
6.897432219252570107e+00
6.690939364852379612e+00
6.595647636906281974e+00
6.577004251579674943e+00
6.653300716101482770e+00
6.776874068939093831e+00
6.905167753808505893e+00
7.426258403919467455e+00
7.227928341128086132e+00
