 -3.4949031e+001 -5.0012547e+001
 -3.6175802e+001 -5.0866218e+001
 -3.7737147e+001 -5.1207686e+001
 -3.8963918e+001 -5.1549154e+001
 -4.0190689e+001 -5.1207686e+001
 -4.0971362e+001 -5.0695483e+001
 -4.1082886e+001 -4.9671079e+001
 -4.0859837e+001 -4.8475940e+001
 -4.0302214e+001 -4.7280801e+001
 -3.9744591e+001 -4.5914928e+001
 -3.9410017e+001 -4.4207587e+001
 -3.9075443e+001 -4.1817310e+001
 -3.9075443e+001 -3.9939235e+001
 -3.9186967e+001 -3.7207489e+001
 -3.9298492e+001 -3.4134275e+001
 -3.9410017e+001 -3.1231795e+001
 -3.9410017e+001 -2.8841517e+001
 -3.9186967e+001 -2.5939038e+001
 -3.8852394e+001 -2.3719494e+001
 -3.8071721e+001 -2.1670685e+001
 -3.7291049e+001 -1.9792610e+001
 -3.6733426e+001 -1.7060864e+001
 -3.6175802e+001 -1.3304713e+001
 -3.5506655e+001 -9.3778290e+000
 -3.5172081e+001 -6.8168173e+000
 -3.5172081e+001 -4.9387421e+000
 -3.5283605e+001 -2.3777305e+000
 -3.5618179e+001  2.0613564e+000
 -3.5729704e+001  5.9882409e+000
 -3.5841228e+001  9.9151254e+000
 -3.5506655e+001  1.2134669e+001
 -3.4614458e+001  1.2476137e+001
 -3.3499211e+001  1.1793201e+001
 -3.2607014e+001  1.0085860e+001
 -3.1937866e+001  7.6955820e+000
 -3.1714817e+001  5.6467727e+000
