 -5.7923106e+001 -7.1332875e+001
 -5.7811581e+001 -6.9646970e+001
 -5.7811581e+001 -6.8110363e+001
 -5.7588532e+001 -6.6403022e+001
 -5.7030909e+001 -6.4866415e+001
 -5.6584810e+001 -6.4012744e+001
 -5.6138711e+001 -6.2305403e+001
 -5.6027187e+001 -6.0256594e+001
 -5.5915662e+001 -5.8378518e+001
 -5.5804138e+001 -5.6671177e+001
 -5.5134990e+001 -5.4963836e+001
 -5.4465842e+001 -5.4451634e+001
 -5.3685170e+001 -5.4622368e+001
 -5.3016022e+001 -5.5134570e+001
 -5.2346874e+001 -5.5476039e+001
 -5.1677726e+001 -5.5305304e+001
 -5.0785529e+001 -5.4963836e+001
 -5.0004857e+001 -5.4622368e+001
 -4.9447234e+001 -5.5134570e+001
 -4.9001135e+001 -5.5988241e+001
 -4.8555037e+001 -5.7012646e+001
 -4.7997413e+001 -5.8207784e+001
 -4.6993692e+001 -5.8549253e+001
 -4.5989970e+001 -5.8549253e+001
 -4.5097773e+001 -5.8378518e+001
 -4.4094051e+001 -5.7866316e+001
 -4.2755756e+001 -5.7012646e+001
 -4.1528985e+001 -5.6329709e+001
 -4.0525263e+001 -5.5646773e+001
 -4.0190689e+001 -5.4622368e+001
 -4.0748312e+001 -5.4280900e+001
 -4.1863559e+001 -5.4451634e+001
 -4.2978805e+001 -5.4793102e+001
 -4.4540150e+001 -5.5305304e+001
 -4.5432347e+001 -5.5476039e+001
 -4.6659118e+001 -5.4963836e+001
 -4.7662839e+001 -5.3768697e+001
 -4.8443512e+001 -5.2061356e+001
 -4.8889610e+001 -4.9671079e+001
 -4.9224184e+001 -4.6939333e+001
 -4.9335709e+001 -4.3866119e+001
 -4.9447234e+001 -4.0963639e+001
 -4.9335709e+001 -3.7719691e+001
 -4.9112660e+001 -3.4987945e+001
 -4.9112660e+001 -3.2256200e+001
 -4.8889610e+001 -2.9182986e+001
 -4.8666561e+001 -2.5939038e+001
 -4.8220463e+001 -2.3207292e+001
 -4.7885889e+001 -2.0475546e+001
 -4.7328266e+001 -1.7914534e+001
 -4.6882167e+001 -1.4841320e+001
 -4.6436069e+001 -1.2280309e+001
 -4.5878445e+001 -9.5485631e+000
 -4.5543871e+001 -6.4753491e+000
 -4.5320822e+001 -2.8899328e+000
 -4.5097773e+001 -1.5818706e-001
 -4.5209298e+001  2.0613564e+000
 -4.5543871e+001  4.2808998e+000
 -4.5655396e+001  5.9882409e+000
 -4.5878445e+001  7.6955820e+000
 -4.5878445e+001  9.5736572e+000
 -4.5878445e+001  1.1280998e+001
 -4.5432347e+001  1.2988339e+001
 -4.4986248e+001  1.4695680e+001
 -4.4874724e+001  1.6061553e+001
 -4.4763199e+001  1.7598160e+001
 -4.4651674e+001  1.9305501e+001
 -4.4728348e+001  2.1058692e+001
