 -3.5060556e+001 -5.1719888e+001
 -3.6287327e+001 -5.2402825e+001
 -3.7960196e+001 -5.3427229e+001
 -3.8963918e+001 -5.3427229e+001
 -4.0302214e+001 -5.3427229e+001
 -4.1417460e+001 -5.3427229e+001
 -4.2532706e+001 -5.2573559e+001
 -4.3424903e+001 -5.1378420e+001
 -4.3982527e+001 -5.0524749e+001
 -4.4205576e+001 -4.9158877e+001
 -4.4094051e+001 -4.7451535e+001
 -4.3536428e+001 -4.6085663e+001
 -4.3090330e+001 -4.3695385e+001
 -4.2532706e+001 -4.1646576e+001
 -4.2198133e+001 -3.9256298e+001
 -4.1863559e+001 -3.6183084e+001
 -4.1975083e+001 -3.3451338e+001
 -4.1975083e+001 -3.0207390e+001
 -4.2086608e+001 -2.7134176e+001
 -4.1975083e+001 -2.4060962e+001
 -4.1863559e+001 -2.0646280e+001
 -4.1752034e+001 -1.7060864e+001
 -4.1528985e+001 -1.2963245e+001
 -4.1305935e+001 -9.8900313e+000
 -4.1194411e+001 -7.1582856e+000
 -4.0971362e+001 -3.9143375e+000
 -4.0748312e+001 -8.4112350e-001
 -4.0525263e+001  2.0613564e+000
 -4.0302214e+001  4.2808998e+000
 -4.0079165e+001  6.5004432e+000
 -3.9856115e+001  8.5492525e+000
 -3.9856115e+001  1.0085860e+001
 -3.9856115e+001  1.2305403e+001
 -4.0413738e+001  1.4866415e+001
 -4.1194411e+001  1.5549351e+001
 -4.2421182e+001  1.7427426e+001
 -4.3201854e+001  1.8451831e+001
 -4.3536428e+001  1.9988438e+001
 -4.3654923e+001  2.1378819e+001
