 -4.1605658e+001  5.5312223e+001
 -4.1898410e+001  5.7553108e+001
 -4.1995994e+001  5.9153740e+001
 -4.1995994e+001  6.1394626e+001
 -4.1898410e+001  6.3315384e+001
 -4.1605658e+001  6.4916017e+001
 -4.1312906e+001  6.6516649e+001
 -4.1020154e+001  6.8117281e+001
 -4.0922570e+001  6.9717913e+001
 -4.0922570e+001  7.1638672e+001
 -4.0922570e+001  7.3879557e+001
 -4.1117738e+001  7.6440569e+001
 -4.1605658e+001  7.8041201e+001
 -4.1995994e+001  8.0602213e+001
 -4.2191162e+001  8.2202845e+001
 -4.2386330e+001  8.3803478e+001
 -4.2386330e+001  8.5724236e+001
 -4.2288746e+001  8.7004742e+001
 -4.2093578e+001  8.7965121e+001
 -4.1800826e+001  8.9565754e+001
