 -3.6531287e+001  2.4900210e+001
 -3.7116791e+001  2.3939830e+001
 -3.8092632e+001  2.2339198e+001
 -3.8580552e+001  2.0738566e+001
 -3.9166057e+001  1.9458060e+001
 -3.9653977e+001  1.9458060e+001
 -4.0044313e+001  1.9778186e+001
 -4.0044313e+001  2.1058692e+001
 -3.9849145e+001  2.2659325e+001
 -3.9361225e+001  2.3619704e+001
 -3.8775720e+001  2.4259957e+001
 -3.8190216e+001  2.4580083e+001
 -3.7799880e+001  2.5540463e+001
 -3.7799880e+001  2.6820968e+001
 -3.8092632e+001  2.7781348e+001
 -3.8775720e+001  2.8101474e+001
 -3.9263641e+001  2.8421601e+001
 -3.9751561e+001  2.8421601e+001
 -3.9946729e+001  2.9381980e+001
 -3.9946729e+001  3.0662486e+001
 -3.9653977e+001  3.1622865e+001
 -3.9263641e+001  3.2583245e+001
 -3.8580552e+001  3.2903371e+001
 -3.8385384e+001  3.3863750e+001
 -3.8482968e+001  3.4824130e+001
 -3.8873304e+001  3.5784509e+001
 -3.9361225e+001  3.6104636e+001
 -3.9751561e+001  3.7385141e+001
 -3.9946729e+001  3.8985774e+001
 -4.0044313e+001  4.1546785e+001
 -3.9946729e+001  4.3467544e+001
 -4.0044313e+001  4.4427924e+001
 -4.0239481e+001  4.7309062e+001
 -4.0532233e+001  4.9870073e+001
 -4.1020154e+001  5.2431085e+001
 -4.1703242e+001  5.5312223e+001
 -4.2288746e+001  5.6912855e+001
 -4.2679082e+001  5.8513488e+001
 -4.2971835e+001  6.0114120e+001
 -4.3459755e+001  6.1074499e+001
 -4.3752507e+001  6.2355005e+001
 -4.4045259e+001  6.3955637e+001
 -4.4435595e+001  6.5236143e+001
 -4.4630764e+001  6.6836775e+001
 -4.4825932e+001  6.8757534e+001
 -4.4825932e+001  7.0038040e+001
