 -3.9946729e+001  4.4748050e+001
 -3.9556393e+001  4.7629188e+001
 -3.8775720e+001  4.9870073e+001
 -3.7799880e+001  5.2110958e+001
 -3.6921623e+001  5.4351844e+001
 -3.5945783e+001  5.5952476e+001
 -3.5067526e+001  5.7553108e+001
 -3.4189270e+001  5.9793993e+001
 -3.3603766e+001  6.2034879e+001
 -3.3018261e+001  6.5876396e+001
 -3.2335173e+001  7.0998419e+001
 -3.2042421e+001  7.4839937e+001
 -3.1944837e+001  7.8361328e+001
 -3.1944837e+001  8.2202845e+001
 -3.2140005e+001  8.6044363e+001
 -3.2725509e+001  9.0526133e+001
 -3.3408597e+001  9.4047524e+001
 -3.3994102e+001  9.6608536e+001
 -3.4482022e+001  9.8849421e+001
 -3.5067526e+001  9.9809800e+001
 -3.5848199e+001  1.0173056e+002
 -3.7116791e+001  1.0365132e+002
 -3.7897464e+001  1.0525195e+002
 -3.8580552e+001  1.0589220e+002
 -3.9068473e+001  1.0781296e+002
 -3.9458809e+001  1.1133435e+002
 -3.9556393e+001  1.1453562e+002
