 -4.3654923e+001  2.1378819e+001
 -4.3752507e+001  2.2979451e+001
 -4.3654923e+001  2.4580083e+001
 -4.3557339e+001  2.6820968e+001
 -4.3362171e+001  2.8741727e+001
 -4.2971835e+001  3.0662486e+001
 -4.2679082e+001  3.2583245e+001
 -4.2386330e+001  3.5144256e+001
 -4.2191162e+001  3.8345521e+001
 -4.2093578e+001  4.1546785e+001
 -4.2093578e+001  4.5068176e+001
 -4.2191162e+001  4.9229820e+001
 -4.2581498e+001  5.2751211e+001
 -4.3167003e+001  5.6592729e+001
 -4.3654923e+001  6.0114120e+001
 -4.4240427e+001  6.2995258e+001
 -4.4630764e+001  6.5876396e+001
 -4.4923516e+001  6.8117281e+001
 -4.4923516e+001  7.0358166e+001
 -4.4923516e+001  7.2599052e+001
 -4.4728348e+001  7.4839937e+001
 -4.4338011e+001  7.9961960e+001
 -4.3752507e+001  8.4443730e+001
 -4.2971835e+001  8.7324869e+001
 -4.1898410e+001  8.9885880e+001
 -4.1215322e+001  9.3407271e+001
 -4.0532233e+001  9.7248789e+001
 -4.0141897e+001  9.9809800e+001
 -3.9946729e+001  1.0397144e+002
 -3.9849145e+001  1.0749284e+002
 -3.9751561e+001  1.1037397e+002
 -3.9653977e+001  1.1325511e+002
 -3.9653977e+001  1.1677650e+002
 -3.9653977e+001  1.1933751e+002
 -3.9556393e+001  1.2189853e+002
 -3.9556393e+001  1.2509979e+002
 -3.9556393e+001  1.2894131e+002
 -3.9751561e+001  1.3086207e+002
 -4.0141897e+001  1.3246270e+002
 -4.0824985e+001  1.3438346e+002
 -4.1995994e+001  1.3598409e+002
 -4.3557339e+001  1.3790485e+002
 -4.4435595e+001  1.3886523e+002
 -4.5021100e+001  1.3950548e+002
 -4.5704188e+001  1.4046586e+002
 -4.6484861e+001  1.4238662e+002
 -4.7070365e+001  1.4398725e+002
 -4.7167949e+001  1.4558788e+002
 -4.7167949e+001  1.4782877e+002
 -4.7167949e+001  1.4942940e+002
 -4.7216741e+001  1.5005237e+002
