 -4.4728348e+001  2.1058692e+001
 -4.4825932e+001  2.2979451e+001
 -4.4923516e+001  2.4580083e+001
 -4.5313852e+001  2.5860589e+001
 -4.5801772e+001  2.6820968e+001
 -4.6289692e+001  2.7461221e+001
 -4.6680029e+001  2.8421601e+001
 -4.6777613e+001  2.9702107e+001
 -4.6680029e+001  3.1622865e+001
 -4.6387276e+001  3.2263118e+001
 -4.5996940e+001  3.2903371e+001
 -4.5606604e+001  3.3223498e+001
 -4.5021100e+001  3.3543624e+001
 -4.4435595e+001  3.4504003e+001
 -4.3850091e+001  3.5144256e+001
 -4.3362171e+001  3.6744889e+001
 -4.2971835e+001  3.8665647e+001
 -4.2776667e+001  4.0906532e+001
 -4.2679082e+001  4.2827291e+001
 -4.2679082e+001  4.4748050e+001
 -4.2776667e+001  4.6988935e+001
 -4.2874251e+001  4.9229820e+001
 -4.3069419e+001  5.1470706e+001
 -4.3264587e+001  5.3071338e+001
 -4.3459755e+001  5.4671970e+001
 -4.3850091e+001  5.5952476e+001
 -4.4240427e+001  5.7232982e+001
 -4.4630764e+001  5.8513488e+001
 -4.5118684e+001  5.9473867e+001
 -4.5509020e+001  6.1074499e+001
 -4.5801772e+001  6.2995258e+001
 -4.5899356e+001  6.4595890e+001
 -4.5801772e+001  6.6516649e+001
 -4.5509020e+001  6.7477028e+001
 -4.5313852e+001  6.8437408e+001
 -4.5216268e+001  6.9397787e+001
 -4.5216268e+001  7.0998419e+001
 -4.5313852e+001  7.2599052e+001
 -4.5606604e+001  7.3879557e+001
 -4.5899356e+001  7.4839937e+001
 -4.6387276e+001  7.6120443e+001
 -4.7070365e+001  7.7400948e+001
 -4.7460701e+001  7.8681454e+001
 -4.8143789e+001  7.9961960e+001
 -4.8338958e+001  8.2843098e+001
 -4.8046205e+001  8.5404110e+001
 -4.7265533e+001  8.6684616e+001
 -4.6289692e+001  8.7965121e+001
 -4.5606604e+001  8.8925501e+001
 -4.5021100e+001  8.9565754e+001
 -4.4630764e+001  9.0846260e+001
 -4.4435595e+001  9.2446892e+001
 -4.4435595e+001  9.4367651e+001
 -4.4630764e+001  9.6288409e+001
 -4.4923516e+001  9.8209168e+001
 -4.5021100e+001  9.9489674e+001
 -4.5313852e+001  1.0141043e+002
 -4.5606604e+001  1.0333119e+002
 -4.5899356e+001  1.0493182e+002
 -4.6387276e+001  1.0717271e+002
 -4.6680029e+001  1.0909347e+002
 -4.7070365e+001  1.1133435e+002
 -4.7460701e+001  1.1325511e+002
 -4.7753453e+001  1.1581612e+002
 -4.8241373e+001  1.1901739e+002
 -4.8631710e+001  1.2157840e+002
 -4.9119630e+001  1.2574004e+002
 -4.9412382e+001  1.2894131e+002
 -4.9705134e+001  1.3118219e+002
 -4.9997886e+001  1.3502371e+002
 -5.0290639e+001  1.3822497e+002
 -5.0680975e+001  1.3982561e+002
 -5.1168895e+001  1.4206649e+002
 -5.1754399e+001  1.4366712e+002
 -5.1949567e+001  1.4526776e+002
 -5.1851983e+001  1.4718852e+002
 -5.1656815e+001  1.4910927e+002
 -5.1677726e+001  1.5037250e+002
