0.125000000000000	-50.2009751773050
0.375000000000000	-50.1897163120567
0.625000000000000	-50.2375295508274
0.875000000000000	-50.2388297872341
1.12500000000000	-50.2541075650118
1.37500000000000	-50.2535756501182
1.62500000000000	-50.2138593380615
1.87500000000000	-50.1699763593381
2.12500000000000	-50.1007683215130
2.37500000000000	-50.0227245862884
2.62500000000000	-49.9322695035461
2.87500000000000	-49.8594267139480
3.12500000000000	-49.7854905437352
3.37500000000000	-49.7556442080378
3.62500000000000	-49.7173167848700
3.87500000000000	-49.6650709219858
4.12500000000000	-49.5958333333333
4.37500000000000	-49.5325945626477
4.62500000000000	-49.4619976359338
4.87500000000000	-49.3909869976359
5.12500000000000	-49.3385638297872
5.37500000000000	-49.2906323877068
5.62500000000000	-49.2596926713948
5.87500000000000	-49.2490839243499
6.12500000000000	-49.2387115839243
6.37500000000000	-49.2567080378250
6.62500000000000	-49.2299940898345
6.87500000000000	-49.1934397163121
7.12500000000000	-49.1495862884161
7.37500000000000	-49.1065307328605
7.62500000000000	-49.0930851063830
7.87500000000000	-49.0957151300236
8.12500000000000	-49.0963652482269
8.37500000000000	-49.1028959810875
8.62500000000000	-49.1095744680851
8.87500000000000	-49.1492021276596
9.12500000000000	-49.1757092198582
9.37500000000000	-49.1895094562648
9.62500000000000	-49.1890661938534
9.87500000000000	-49.1713947990544
10.1250000000000	-49.1662825059102
10.3750000000000	-49.1768617021277
10.6250000000000	-49.1712765957447
10.8750000000000	-49.1596926713948
11.1250000000000	-49.0962765957447
11.3750000000000	-49.0366134751773
11.6250000000000	-48.9892730496454
11.8750000000000	-48.9830378250591
12.1250000000000	-49.0320035460993
12.3750000000000	-49.1552009456265
12.6250000000000	-49.2949172576832
12.8750000000000	-49.4721926713948
13.1250000000000	-49.6864066193853
13.3750000000000	-49.8963947990544
13.6250000000000	-50.1269799054374
13.8750000000000	-50.3315011820331
14.1250000000000	-50.4618794326241
14.3750000000000	-50.5962470449173
14.6250000000000	-50.6936465721040
14.8750000000000	-50.7289007092199
15.1250000000000	-50.7517730496454
15.3750000000000	-50.7879137115839
15.6250000000000	-50.7716903073286
15.8750000000000	-50.7417553191490
16.1250000000000	-50.6835992907801
16.3750000000000	-50.6320921985816
16.6250000000000	-50.5647754137116
16.8750000000000	-50.4802304964539
17.1250000000000	-50.4051713947990
17.3750000000000	-50.3305851063830
17.6250000000000	-50.2679669030733
17.8750000000000	-50.1819444444444
18.1250000000000	-50.0700945626478
18.3750000000000	-49.9172281323877
18.6250000000000	-49.8392730496454
18.8750000000000	-49.7704491725768
19.1250000000000	-49.7341903073286
19.3750000000000	-49.6815602836880
19.6250000000000	-49.6370567375886
19.8750000000000	-49.5984633569740
20.1250000000000	-49.6091312056738
20.3750000000000	-49.5983156028369
20.6250000000000	-49.5813829787234
20.8750000000000	-49.5994089834515
21.1250000000000	-49.5877955082742
21.3750000000000	-49.5558215130023
21.6250000000000	-49.5250295508274
21.8750000000000	-49.4731973995272
22.1250000000000	-49.4484633569740
22.3750000000000	-49.4480200945626
22.6250000000000	-49.4749408983452
22.8750000000000	-49.4775118203310
23.1250000000000	-49.4772458628842
23.3750000000000	-49.4729018912530
23.6250000000000	-49.5002955082742
23.8750000000000	-49.5447399527187
24.1250000000000	-49.5669326241135
24.3750000000000	-49.5716016548463
24.6250000000000	-49.5782801418440
24.8750000000000	-49.6073581560284
25.1250000000000	-49.6288120567376
25.3750000000000	-49.6534278959811
25.6250000000000	-49.6618794326241
25.8750000000000	-49.6723699763593
26.1250000000000	-49.7360815602837
26.3750000000000	-49.7932033096927
26.6250000000000	-49.8252955082742
26.8750000000000	-49.9909869976359
27.1250000000000	-50.0588652482270
27.3750000000000	-50.1424645390071
27.6250000000000	-50.2294621749409
27.8750000000000	-50.3142434988180
28.1250000000000	-50.7167553191489
28.3750000000000	-50.8124113475177
28.6250000000000	-50.8987588652482
28.8750000000000	-50.9813829787234
29.1250000000000	-51.0485224586289
29.3750000000000	-51.0496453900709
29.6250000000000	-51.0617316784870
29.8750000000000	-51.0325650118203
30.1250000000000	-51.0172576832151
30.3750000000000	-50.9558510638298
30.6250000000000	-50.9143026004728
30.8750000000000	-50.8375886524823
31.1250000000000	-50.7400413711584
31.3750000000000	-50.6395390070922
31.6250000000000	-50.5060579196217
31.8750000000000	-50.3730496453901
32.1250000000000	-50.2391252955083
32.3750000000000	-50.0966016548463
32.6250000000000	-49.9623226950355
32.8750000000000	-49.7965130023641
33.1250000000000	-49.6748522458629
33.3750000000000	-49.5596926713948
33.6250000000000	-49.4769799054374
33.8750000000000	-49.4062352245863
34.1250000000000	-49.3705378250591
34.3750000000000	-49.3429669030733
34.6250000000000	-49.3060579196218
34.8750000000000	-49.2754728132388
35.1250000000000	-49.2375000000000
35.3750000000000	-49.2163120567376
35.6250000000000	-49.1888888888889
35.8750000000000	-49.1451536643026
36.1250000000000	-49.0990543735225
36.3750000000000	-49.0368203309693
36.6250000000000	-48.9543439716312
36.8750000000000	-48.8465130023641
37.1250000000000	-48.7077718676123
37.3750000000000	-48.5156028368794
37.6250000000000	-48.4529846335697
37.8750000000000	-48.3392139479906
38.1250000000000	-48.2255319148936
38.3750000000000	-48.1304964539007
38.6250000000000	-48.1607269503546
38.8750000000000	-48.1175827423168
39.1250000000000	-48.0892434988180
39.3750000000000	-48.0830378250591
39.6250000000000	-48.0158687943263
39.8750000000000	-47.9533096926714
40.1250000000000	-47.8946217494090
40.3750000000000	-47.8601063829787
40.6250000000000	-47.8178782505910
40.8750000000000	-47.7948581560284
41.1250000000000	-47.7893617021277
41.3750000000000	-47.7620271867612
41.6250000000000	-47.7696808510638
41.8750000000000	-47.8018912529551
42.1250000000000	-47.8064420803782
42.3750000000000	-47.7777777777778
42.6250000000000	-47.7529846335697
42.8750000000000	-47.7367316784870
43.1250000000000	-47.7508569739953
43.3750000000000	-47.7647754137116
43.6250000000000	-47.7480791962175
43.8750000000000	-47.6898936170213
44.1250000000000	-47.6710106382979
44.3750000000000	-47.6085401891253
44.6250000000000	-47.5538120567376
44.8750000000000	-47.4962174940898
45.1250000000000	-47.4070035460993
45.3750000000000	-47.3476950354610
45.6250000000000	-47.3119680851064
45.8750000000000	-47.2347222222222
46.1250000000000	-47.1518617021277
46.3750000000000	-47.0529255319149
46.6250000000000	-46.9401300236407
46.8750000000000	-46.8229018912530
47.1250000000000	-46.6598108747045
47.3750000000000	-46.4962765957447
47.6250000000000	-46.3069148936170
47.8750000000000	-46.1183510638298
48.1250000000000	-45.8656028368794
48.3750000000000	-45.6007978723404
48.6250000000000	-45.3497931442080
48.8750000000000	-45.1658687943262
49.1250000000000	-45.0431442080378
49.3750000000000	-44.3512115839243
49.6250000000000	-44.2365248226950
49.8750000000000	-43.9586879432624
50.1250000000000	-43.8906028368794
50.3750000000000	-43.9391843971631
50.6250000000000	-44.0412529550828
50.8750000000000	-44.1628841607565
51.1250000000000	-44.2692671394799
51.3750000000000	-44.3807033096927
51.6250000000000	-44.4882387706856
51.8750000000000	-44.5746453900709
52.1250000000000	-44.6489066193853
52.3750000000000	-44.7353132387707
52.6250000000000	-44.7964539007092
52.8750000000000	-44.8645390070922
53.1250000000000	-44.9950650118203
53.3750000000000	-45.1631796690307
53.6250000000000	-45.3502659574468
53.8750000000000	-45.5188238770686
54.1250000000000	-45.7060283687943
54.3750000000000	-45.8813829787234
54.6250000000000	-46.0678191489362
54.8750000000000	-46.2151300236407
55.1250000000000	-46.3487884160756
55.3750000000000	-46.4952718676123
55.6250000000000	-46.6494385342789
55.8750000000000	-46.7616725768322
56.1250000000000	-46.8789598108747
56.3750000000000	-47.0112588652482
56.6250000000000	-47.0804373522459
56.8750000000000	-47.1911938534279
57.1250000000000	-47.2856087470449
57.3750000000000	-47.4039598108747
57.6250000000000	-47.4803782505910
57.8750000000000	-47.5361702127659
58.1250000000000	-47.5906914893617
58.3750000000000	-47.6006501182033
58.6250000000000	-47.6137706855792
58.8750000000000	-47.5989657210402
59.1250000000000	-47.5913416075650
59.3750000000000	-47.5554964539007
59.6250000000000	-47.5118794326241
59.8750000000000	-47.4632978723404
60.1250000000000	-47.4315602836880
60.3750000000000	-47.4029255319149
60.6250000000000	-47.3834810874705
60.8750000000000	-47.4005614657211
61.1250000000000	-47.4260342789598
61.3750000000000	-47.4523640661939
61.6250000000000	-47.4705082742317
61.8750000000000	-47.4512706855792
62.1250000000000	-47.4164302600473
62.3750000000000	-47.3753250591017
62.6250000000000	-47.3072990543735
62.8750000000000	-47.2323877068558
63.1250000000000	-47.1324172576832
63.3750000000000	-47.0484633569740
63.6250000000000	-46.9377068557920
63.8750000000000	-46.8468380614657
64.1250000000000	-46.7725177304964
64.3750000000000	-46.6923758865248
64.6250000000000	-46.6431146572104
64.8750000000000	-46.6035756501182
65.1250000000000	-46.5315307328605
65.3750000000000	-46.4330378250591
65.6250000000000	-46.3240543735225
65.8750000000000	-46.2067080378250
66.1250000000000	-46.0752659574468
66.3750000000000	-45.9680260047281
66.6250000000000	-45.8483156028369
66.8750000000000	-45.7453014184397
67.1250000000000	-45.6565898345154
67.3750000000000	-45.5856678486998
67.6250000000000	-45.5490543735225
67.8750000000000	-45.5254137115839
68.1250000000000	-45.5455378250591
68.3750000000000	-45.6314125295508
68.6250000000000	-45.7600177304965
68.8750000000000	-45.8983747044917
69.1250000000000	-46.0164302600473
69.3750000000000	-46.0940898345154
69.6250000000000	-46.1595744680851
69.8750000000000	-46.2178191489362
70.1250000000000	-46.2475768321513
70.3750000000000	-46.2797872340426
70.6250000000000	-46.4969562647754
70.8750000000000	-46.8519503546099
71.1250000000000	-47.0619089834516
71.3750000000000	-47.0254728132388
71.6250000000000	-46.9372635933806
71.8750000000000	-46.9416962174941
72.1250000000000	-47.9760933806147
72.3750000000000	-48.2114361702127
72.6250000000000	-48.4621453900709
72.8750000000000	-48.6839539007092
73.1250000000000	-48.8600177304965
73.3750000000000	-48.9993203309693
73.6250000000000	-49.1382683215130
73.8750000000000	-49.2616725768322
74.1250000000000	-49.3573581560284
74.3750000000000	-49.4532210401891
74.6250000000000	-49.5280437352246
74.8750000000000	-49.6010047281324
75.1250000000000	-49.6710106382979
75.3750000000000	-49.7686170212766
75.6250000000000	-49.8962174940898
75.8750000000000	-50.0465130023641
76.1250000000000	-50.2082151300236
76.3750000000000	-50.4034574468085
76.6250000000000	-50.5859633569740
76.8750000000000	-50.7773640661938
77.1250000000000	-50.9572695035461
77.3750000000000	-51.1320921985816
77.6250000000000	-51.2592198581560
77.8750000000000	-51.3659574468085
78.1250000000000	-51.4771276595745
78.3750000000000	-51.6003250591017
78.6250000000000	-51.7122931442080
78.8750000000000	-51.7788416075650
79.1250000000000	-51.8530732860520
79.3750000000000	-51.9395685579196
79.6250000000000	-51.9867907801418
79.8750000000000	-52.0233747044917
80.1250000000000	-52.0509160756501
80.3750000000000	-52.0650118203310
80.6250000000000	-52.0915780141844
80.8750000000000	-52.1268026004728
81.1250000000000	-52.1806737588653
81.3750000000000	-52.2436465721040
81.6250000000000	-52.3453014184397
81.8750000000000	-52.4894799054373
82.1250000000000	-52.6549054373522
82.3750000000000	-52.7920212765958
82.6250000000000	-52.9218085106383
82.8750000000000	-53.0570330969267
83.1250000000000	-53.1909278959811
83.3750000000000	-53.4078014184397
83.6250000000000	-53.6478427895981
83.8750000000000	-53.8837174940898
84.1250000000000	-54.0446513002364
84.3750000000000	-54.1470449172577
84.6250000000000	-54.2121749408983
84.8750000000000	-54.2664893617021
85.1250000000000	-54.3019503546099
85.3750000000000	-54.3237884160756
85.6250000000000	-54.3519799054374
85.8750000000000	-54.3605496453901
86.1250000000000	-54.3378841607565
86.3750000000000	-54.2988179669031
86.6250000000000	-54.2931737588652
86.8750000000000	-54.2719267139480
87.1250000000000	-54.2456264775414
87.3750000000000	-54.1737884160757
87.6250000000000	-54.1114361702128
87.8750000000000	-54.0813534278960
88.1250000000000	-54.0389775413712
88.3750000000000	-54.0482860520095
88.6250000000000	-54.0157210401891
88.8750000000000	-53.9796394799055
89.1250000000000	-53.9402186761229
89.3750000000000	-53.9197695035461
89.6250000000000	-53.9022754137116
89.8750000000000	-53.8763002364066
90.1250000000000	-53.2002364066194
90.3750000000000	-53.1661347517731
90.6250000000000	-53.1298463356974
90.8750000000000	-53.1341312056738
91.1250000000000	-53.1322104018913
91.3750000000000	-53.1253841607565
91.6250000000000	-53.1261524822695
91.8750000000000	-53.1139184397163
92.1250000000000	-53.1161347517730
92.3750000000000	-53.1130319148936
92.6250000000000	-53.1302009456265
92.8750000000000	-53.0998522458629
93.1250000000000	-53.1264184397163
93.3750000000000	-53.1073581560284
93.6250000000000	-53.1230496453901
93.8750000000000	-53.0825650118203
94.1250000000000	-53.0308510638298
94.3750000000000	-52.9447695035461
94.6250000000000	-52.9121453900709
94.8750000000000	-52.8784869976359
95.1250000000000	-52.8448286052010
95.3750000000000	-52.8057033096927
95.6250000000000	-52.7089834515367
95.8750000000000	-52.6418439716312
96.1250000000000	-52.5646572104019
96.3750000000000	-52.5223404255319
96.6250000000000	-52.4563829787234
96.8750000000000	-52.3939716312057
97.1250000000000	-52.3286347517731
97.3750000000000	-52.2632978723404
97.6250000000000	-52.1952127659575
97.8750000000000	-52.1331264775414
98.1250000000000	-52.0552304964539
98.3750000000000	-51.9726063829787
98.6250000000000	-51.9330969267140
98.8750000000000	-51.8941784869976
99.1250000000000	-51.8781914893617
99.3750000000000	-51.8191489361702
99.6250000000000	-51.7663711583924
99.8750000000000	-51.6885047281324
100.125000000000	-51.6442375886525
100.375000000000	-51.5872931442080
100.625000000000	-51.5279255319149
100.875000000000	-51.4905732860520
101.125000000000	-51.4131205673759
101.375000000000	-51.3740839243499
101.625000000000	-51.3429373522459
101.875000000000	-51.2825059101655
102.125000000000	-51.2146276595745
102.375000000000	-51.1696808510638
102.625000000000	-51.1378546099291
102.875000000000	-51.0743498817967
103.125000000000	-51.0369385342790
103.375000000000	-51.0141252955083
103.625000000000	-50.9869089834516
103.875000000000	-50.9699172576832
104.125000000000	-50.9736111111111
104.375000000000	-50.9374113475178
104.625000000000	-50.9335992907801
104.875000000000	-50.9371158392435
105.125000000000	-50.8828605200946
105.375000000000	-50.8460992907801
105.625000000000	-50.7882978723404
105.875000000000	-50.7302895981088
106.125000000000	-50.6734042553192
106.375000000000	-50.6023049645390
106.625000000000	-50.4989657210402
106.875000000000	-50.3865248226950
107.125000000000	-50.2872931442080
107.375000000000	-50.1785756501182
107.625000000000	-50.0917553191489
107.875000000000	-49.9898640661939
108.125000000000	-49.9030141843972
108.375000000000	-49.8416075650118
108.625000000000	-49.7792553191489
108.875000000000	-49.6992612293144
109.125000000000	-49.6132387706856
109.375000000000	-49.5421690307329
109.625000000000	-49.5161052009456
109.875000000000	-49.5022163120568
110.125000000000	-49.5371749408983
110.375000000000	-49.5980496453901
110.625000000000	-49.6155732860520
110.875000000000	-49.6455082742317
111.125000000000	-49.6611406619385
111.375000000000	-49.7191489361702
111.625000000000	-49.7611702127660
111.875000000000	-49.8288711583924
112.125000000000	-49.8908096926714
112.375000000000	-50.0079491725768
112.625000000000	-50.1020094562648
112.875000000000	-50.1958924349882
113.125000000000	-50.2722517730496
113.375000000000	-50.3402482269503
113.625000000000	-50.4352541371159
113.875000000000	-50.4777777777778
114.125000000000	-50.5138593380615
114.375000000000	-50.5384456264775
114.625000000000	-50.5711583924350
114.875000000000	-50.5957151300236
115.125000000000	-50.6409278959811
115.375000000000	-50.6785756501182
115.625000000000	-50.7354905437352
115.875000000000	-50.7709515366430
116.125000000000	-50.8425827423168
116.375000000000	-50.8975768321513
116.625000000000	-50.9766252955083
116.875000000000	-51.0445921985816
117.125000000000	-51.0871453900709
117.375000000000	-51.1280732860520
117.625000000000	-51.1588652482270
117.875000000000	-51.1907801418440
118.125000000000	-51.2408392434988
118.375000000000	-51.2763593380615
118.625000000000	-51.2916371158393
118.875000000000	-51.2876773049645
119.125000000000	-51.2958924349882
119.375000000000	-51.3105496453901
119.625000000000	-51.3083037825059
119.875000000000	-51.2959515366430
120.125000000000	-51.4959515366430
120.375000000000	-51.4895390070922
120.625000000000	-51.5260342789598
120.875000000000	-51.5359338061466
121.125000000000	-51.5693557919622
121.375000000000	-51.6007978723404
121.625000000000	-51.6898936170213
121.875000000000	-51.7477245862884
122.125000000000	-51.8278073286052
122.375000000000	-51.9287529550828
122.625000000000	-51.9905732860520
122.875000000000	-52.0470449172577
123.125000000000	-52.1023640661938
123.375000000000	-52.1644208037825
123.625000000000	-52.2013002364066
123.875000000000	-52.2645094562648
124.125000000000	-52.3470153664303
124.375000000000	-52.3953605200946
124.625000000000	-52.3961879432624
124.875000000000	-52.4236702127660
125.125000000000	-52.4405732860520
125.375000000000	-52.4480200945626
125.625000000000	-52.5060283687943
125.875000000000	-52.6267434988180
126.125000000000	-52.6734633569740
126.375000000000	-52.6539893617021
126.625000000000	-52.6697399527187
126.875000000000	-52.6738475177305
127.125000000000	-52.6808806146572
127.375000000000	-52.6932033096927
127.625000000000	-52.7139479905437
127.875000000000	-52.7276300236407
128.125000000000	-52.7474290780142
128.375000000000	-52.7937647754137
128.625000000000	-52.7906914893617
128.875000000000	-52.8052009456265
129.125000000000	-52.7497340425532
129.375000000000	-52.6924645390071
129.625000000000	-52.6903368794326
129.875000000000	-52.7052600472813
130.125000000000	-52.7010933806147
130.375000000000	-52.6626477541371
130.625000000000	-52.6453014184397
130.875000000000	-52.6164302600473
131.125000000000	-52.6353427895981
131.375000000000	-52.6442080378251
131.625000000000	-52.6084515366430
131.875000000000	-52.5983451536643
132.125000000000	-52.5813238770686
132.375000000000	-52.5743794326241
132.625000000000	-52.6012706855792
132.875000000000	-52.6485815602837
133.125000000000	-52.6564420803782
133.375000000000	-52.6771867612293
133.625000000000	-52.6972222222222
133.875000000000	-52.7014775413712
134.125000000000	-52.6843971631206
134.375000000000	-52.7026300236407
134.625000000000	-52.7395094562648
134.875000000000	-52.7586583924350
135.125000000000	-52.7479905437352
135.375000000000	-52.7429373522459
135.625000000000	-52.7879728132388
135.875000000000	-52.8305555555556
136.125000000000	-52.8379432624113
136.375000000000	-52.8572695035461
136.625000000000	-52.8643617021277
136.875000000000	-52.8996453900709
137.125000000000	-52.9548463356974
137.375000000000	-53.0039598108747
137.625000000000	-53.0138002364066
137.875000000000	-53.0636524822695
138.125000000000	-53.1147163120567
138.375000000000	-53.1573877068558
138.625000000000	-53.1798167848700
138.875000000000	-53.1796985815603
139.125000000000	-53.2106382978723
139.375000000000	-53.2194444444444
139.625000000000	-53.2068557919622
139.875000000000	-53.2152777777778
140.125000000000	-53.2405437352246
140.375000000000	-53.2348404255319
140.625000000000	-53.1728427895981
140.875000000000	-53.1282505910165
141.125000000000	-53.1239657210402
141.375000000000	-53.1598404255319
141.625000000000	-53.2156914893617
141.875000000000	-53.2825945626478
142.125000000000	-53.3303782505910
142.375000000000	-53.4040484633570
142.625000000000	-53.4364066193853
142.875000000000	-53.4849881796690
143.125000000000	-53.5193262411348
143.375000000000	-53.5249408983452
143.625000000000	-53.5710106382979
143.875000000000	-53.5735224586288
144.125000000000	-53.5622044917258
144.375000000000	-53.5559692671395
144.625000000000	-53.5547281323877
144.875000000000	-53.6294621749409
145.125000000000	-53.6986702127660
145.375000000000	-53.9370271867612
145.625000000000	-54.1931737588653
145.875000000000	-54.4184988179669
146.125000000000	-54.6120862884161
146.375000000000	-54.7505910165485
146.625000000000	-54.8755614657210
146.875000000000	-55.0567966903073
147.125000000000	-55.2445626477541
147.375000000000	-55.4817375886525
147.625000000000	-55.7149231678487
147.875000000000	-55.9957151300236
148.125000000000	-56.2736111111111
148.375000000000	-56.5654846335697
148.625000000000	-56.8740248226950
148.875000000000	-57.1779550827423
149.125000000000	-57.4348699763593
149.375000000000	-57.6062352245863
149.625000000000	-57.7368498817967
149.875000000000	-57.8574468085106
150.125000000000	-57.9346926713948
150.375000000000	-57.9770981087471
150.625000000000	-57.9658392434988
150.875000000000	-57.9482269503546
151.125000000000	-57.8975768321513
151.375000000000	-57.8093085106383
151.625000000000	-57.7014775413712
151.875000000000	-57.5759160756501
152.125000000000	-57.4281914893617
152.375000000000	-57.3724881796690
152.625000000000	-57.3961879432624
152.875000000000	-57.4908983451537
153.125000000000	-57.5910165484633
153.375000000000	-57.6895685579196
153.625000000000	-57.7752955082743
153.875000000000	-57.8355200945626
154.125000000000	-57.8748817966903
154.375000000000	-57.8757387706856
154.625000000000	-57.8895981087470
154.875000000000	-57.8630910165485
155.125000000000	-57.8504728132388
155.375000000000	-57.8064716312057
155.625000000000	-57.7435579196218
155.875000000000	-57.6600177304965
156.125000000000	-57.5772754137116
156.375000000000	-57.5602836879433
156.625000000000	-57.6506205673759
156.875000000000	-57.7947695035461
157.125000000000	-57.9185283687943
157.375000000000	-58.0601950354610
157.625000000000	-57.9236997635934
157.875000000000	-58.0270685579196
158.125000000000	-58.0604905437352
158.375000000000	-58.0761524822695
158.625000000000	-58.0809397163120
158.875000000000	-58.0521276595745
159.125000000000	-58.0429964539007
159.375000000000	-57.9983451536643
159.625000000000	-57.9518912529551
159.875000000000	-57.9080969267139
160.125000000000	-58.5341016548463
160.375000000000	-58.6084810874705
160.625000000000	-58.6462765957447
160.875000000000	-58.7715425531915
161.125000000000	-59.0595449172577
161.375000000000	-59.3940307328605
161.625000000000	-59.7138002364067
161.875000000000	-59.9495862884161
162.125000000000	-60.0762411347518
162.375000000000	-60.1706855791962
162.625000000000	-60.2666962174941
162.875000000000	-60.3514775413712
163.125000000000	-60.3906914893617
163.375000000000	-60.4482860520095
163.625000000000	-60.4955378250591
163.875000000000	-60.5092494089835
164.125000000000	-60.5271572104019
164.375000000000	-60.5481973995272
164.625000000000	-60.5666371158393
164.875000000000	-60.6139775413711
165.125000000000	-60.6260933806147
165.375000000000	-60.6299054373522
165.625000000000	-60.6453309692671
165.875000000000	-60.6770094562648
166.125000000000	-60.7115543735225
166.375000000000	-60.7352245862884
166.625000000000	-60.7703014184397
166.875000000000	-60.8415484633570
167.125000000000	-60.9243794326241
167.375000000000	-60.9948581560284
167.625000000000	-61.0645094562648
167.875000000000	-61.1248817966903
168.125000000000	-61.1662234042553
168.375000000000	-61.2102541371159
168.625000000000	-61.2677009456265
168.875000000000	-61.3287825059102
169.125000000000	-61.3687352245863
169.375000000000	-61.3788416075650
169.625000000000	-61.4031323877069
169.875000000000	-61.4160756501182
170.125000000000	-61.4645685579196
170.375000000000	-61.4956855791962
170.625000000000	-61.5461879432624
170.875000000000	-61.5769503546099
171.125000000000	-61.6169917257683
171.375000000000	-61.6582151300236
171.625000000000	-61.6925236406619
171.875000000000	-61.7403073286052
172.125000000000	-61.7230496453901
172.375000000000	-61.7220449172577
172.625000000000	-61.7373522458629
172.875000000000	-61.7394503546099
173.125000000000	-61.7537529550827
173.375000000000	-61.7988179669031
173.625000000000	-61.8467494089834
173.875000000000	-61.8467198581560
174.125000000000	-61.8479609929078
174.375000000000	-61.8465425531915
174.625000000000	-61.8745862884161
174.875000000000	-61.8798758865248
175.125000000000	-61.9744680851064
175.375000000000	-61.9880319148936
175.625000000000	-62.0139479905438
175.875000000000	-62.0359633569740
176.125000000000	-62.0386820330969
176.375000000000	-62.0592198581560
176.625000000000	-62.0583037825059
176.875000000000	-62.0227541371158
177.125000000000	-61.9878250591017
177.375000000000	-61.9359042553192
177.625000000000	-61.9244680851064
177.875000000000	-61.8793735224586
178.125000000000	-61.8544917257683
178.375000000000	-61.7931737588652
178.625000000000	-61.7369385342790
178.875000000000	-61.7318853427896
179.125000000000	-61.6806146572104
179.375000000000	-61.6186170212766
179.625000000000	-61.5723995271868
179.875000000000	-61.5414007092198
180.125000000000	-61.4818557919622
180.375000000000	-61.4257978723404
180.625000000000	-61.3322399527187
180.875000000000	-61.2548758865248
181.125000000000	-61.1862588652482
181.375000000000	-61.1142730496454
181.625000000000	-61.0127364066194
181.875000000000	-60.9350472813239
182.125000000000	-60.8619089834515
182.375000000000	-60.8045508274232
182.625000000000	-60.7893321513002
182.875000000000	-60.7356382978723
183.125000000000	-60.6989066193854
183.375000000000	-60.6045212765958
183.625000000000	-60.5345449172577
183.875000000000	-60.4932033096927
184.125000000000	-60.4518617021276
184.375000000000	-60.4508274231678
184.625000000000	-60.4168144208038
184.875000000000	-60.3862588652482
185.125000000000	-60.3752659574468
185.375000000000	-60.3873226950355
185.625000000000	-60.3652186761229
185.875000000000	-60.3250591016549
186.125000000000	-60.4101950354610
186.375000000000	-60.4048463356974
186.625000000000	-60.4117021276596
186.875000000000	-60.3972813238770
187.125000000000	-60.3804964539007
187.375000000000	-60.3508274231679
187.625000000000	-60.3618498817967
187.875000000000	-60.3617612293144
188.125000000000	-60.3776595744681
188.375000000000	-60.4065898345154
188.625000000000	-60.4195330969267
188.875000000000	-60.4252364066194
189.125000000000	-60.4131501182033
189.375000000000	-60.4267139479905
189.625000000000	-60.4114361702128
189.875000000000	-60.3861702127659
190.125000000000	-60.3570626477542
190.375000000000	-60.3359633569740
190.625000000000	-60.3354018912530
190.875000000000	-60.3379432624113
191.125000000000	-60.3285756501182
191.375000000000	-60.3163711583924
191.625000000000	-60.3080378250591
191.875000000000	-60.3091903073286
192.125000000000	-60.3223995271868
192.375000000000	-60.3025709219858
192.625000000000	-60.2878250591017
192.875000000000	-60.2475472813239
193.125000000000	-60.2274527186761
193.375000000000	-60.2252364066194
193.625000000000	-60.1906028368794
193.875000000000	-60.1569739952719
194.125000000000	-60.1352541371159
194.375000000000	-60.1073286052010
194.625000000000	-60.0773936170213
194.875000000000	-59.7903664302601
195.125000000000	-59.7332742316785
195.375000000000	-59.6813829787234
195.625000000000	-59.5926713947991
195.875000000000	-59.5348699763593
196.125000000000	-59.4281028368794
196.375000000000	-59.3203309692671
196.625000000000	-59.2335697399527
196.875000000000	-59.1596335697400
197.125000000000	-59.0575945626478
197.375000000000	-58.9450354609929
197.625000000000	-58.8685579196218
197.875000000000	-58.8157505910166
198.125000000000	-58.7284869976359
198.375000000000	-58.6628546099291
198.625000000000	-58.5125000000000
198.875000000000	-58.4543439716312
199.125000000000	-58.4252068557920
199.375000000000	-58.4252955082742
199.625000000000	-58.3885342789598
199.875000000000	-58.3489066193854
200.125000000000	-58.3188829787234
200.375000000000	-58.2811465721040
200.625000000000	-58.2497635933806
200.875000000000	-58.1891252955083
201.125000000000	-58.1461288416076
201.375000000000	-58.0890661938534
201.625000000000	-58.0587174940898
201.875000000000	-58.0342494089835
202.125000000000	-58.0082742316785
202.375000000000	-57.9773936170213
202.625000000000	-57.9507092198582
202.875000000000	-57.9244385342790
203.125000000000	-57.8905141843972
203.375000000000	-57.8537529550828
203.625000000000	-57.8362588652482
203.875000000000	-57.8088652482269
204.125000000000	-57.7832742316785
204.375000000000	-57.7537825059102
204.625000000000	-57.6955082742317
204.875000000000	-57.6635342789598
205.125000000000	-57.6004432624113
205.375000000000	-57.5226950354610
205.625000000000	-57.4072695035461
205.875000000000	-57.3213356973995
206.125000000000	-57.2374113475177
206.375000000000	-57.1551418439716
206.625000000000	-57.0521867612293
206.875000000000	-56.9953605200946
207.125000000000	-56.9116725768322
207.375000000000	-56.8656028368794
207.625000000000	-56.7993498817967
207.875000000000	-56.7242316784870
208.125000000000	-56.6978427895981
208.375000000000	-56.6488179669031
208.625000000000	-56.6231087470449
208.875000000000	-56.6171985815603
209.125000000000	-56.6177895981087
209.375000000000	-56.6301418439716
209.625000000000	-56.6261229314421
209.875000000000	-56.6593380614657
210.125000000000	-56.6862588652482
210.375000000000	-56.7015957446809
210.625000000000	-56.7117021276596
210.875000000000	-56.7180260047282
211.125000000000	-56.7043144208038
211.375000000000	-56.6738770685579
211.625000000000	-56.6411643026005
211.875000000000	-56.6111997635934
212.125000000000	-56.5890661938534
212.375000000000	-56.5564716312057
212.625000000000	-56.5243203309693
212.875000000000	-56.4845449172577
213.125000000000	-56.4645981087470
213.375000000000	-56.4481973995272
213.625000000000	-56.4350177304965
213.875000000000	-56.3837174940898
214.125000000000	-56.3671985815603
214.375000000000	-56.3574468085106
214.625000000000	-56.3734929078014
214.875000000000	-56.3596335697399
215.125000000000	-56.3741134751773
215.375000000000	-56.3973699763593
215.625000000000	-56.4349290780142
215.875000000000	-56.4795803782506
216.125000000000	-56.5220449172577
216.375000000000	-56.5775118203310
216.625000000000	-56.6433806146572
216.875000000000	-56.7174940898345
217.125000000000	-56.7985224586288
217.375000000000	-56.8921099290780
217.625000000000	-56.9757978723404
217.875000000000	-57.0851359338061
218.125000000000	-57.1835401891253
218.375000000000	-57.2543735224586
218.625000000000	-57.3244385342790
218.875000000000	-57.3911347517731
219.125000000000	-57.4428486997636
219.375000000000	-57.4925827423168
219.625000000000	-57.5297281323877
219.875000000000	-57.5785756501182
220.125000000000	-57.6089243498818
220.375000000000	-57.6416666666667
220.625000000000	-57.6679964539007
220.875000000000	-57.6903368794326
221.125000000000	-57.7043439716312
221.375000000000	-57.7171394799054
221.625000000000	-57.7250886524823
221.875000000000	-57.7305260047282
222.125000000000	-57.7434101654846
222.375000000000	-57.7469267139480
222.625000000000	-57.7341903073286
222.875000000000	-57.7169030732860
223.125000000000	-57.6838652482269
223.375000000000	-57.6754728132388
223.625000000000	-57.6816489361702
223.875000000000	-57.6689125295508
224.125000000000	-57.6488475177305
224.375000000000	-57.6448286052010
224.625000000000	-57.6665189125296
224.875000000000	-57.7007978723404
225.125000000000	-57.7424054373523
225.375000000000	-57.8286052009456
225.625000000000	-57.8917848699764
225.875000000000	-57.9689716312057
226.125000000000	-58.0537825059102
226.375000000000	-58.1164598108747
226.625000000000	-58.1969562647754
226.875000000000	-58.2883569739953
227.125000000000	-58.3453014184397
227.375000000000	-58.4419621749409
227.625000000000	-58.5096335697400
227.875000000000	-58.5725768321513
228.125000000000	-58.6393026004728
228.375000000000	-58.6689125295508
228.625000000000	-58.7292848699764
228.875000000000	-58.7625886524823
229.125000000000	-58.7980200945627
229.375000000000	-58.8437943262412
229.625000000000	-58.8557328605201
229.875000000000	-59.1140070921986
230.125000000000	-59.2470449172577
230.375000000000	-59.3054964539007
230.625000000000	-59.3923463356974
230.875000000000	-59.4851359338062
231.125000000000	-59.5566489361702
231.375000000000	-59.6467789598109
231.625000000000	-59.7540189125295
231.875000000000	-59.8707446808511
232.125000000000	-59.9653368794326
232.375000000000	-60.0425531914893
232.625000000000	-60.1510047281324
232.875000000000	-60.2235224586288
233.125000000000	-60.3857860520095
233.375000000000	-60.4812943262411
233.625000000000	-60.6098404255319
233.875000000000	-60.7337174940898
234.125000000000	-60.8209810874705
234.375000000000	-60.8914598108747
234.625000000000	-60.9888002364066
234.875000000000	-61.1142139479905
235.125000000000	-61.2174940898345
235.375000000000	-61.2933510638298
235.625000000000	-61.3372635933806
235.875000000000	-61.3905437352246
236.125000000000	-61.4234633569740
236.375000000000	-61.4710697399527
236.625000000000	-61.4845153664303
236.875000000000	-61.4738179669031
237.125000000000	-61.5099881796690
237.375000000000	-61.5118203309693
237.625000000000	-61.4949172576832
237.875000000000	-61.4570921985816
238.125000000000	-61.4200059101655
238.375000000000	-61.4360224586289
238.625000000000	-61.4243794326241
238.875000000000	-61.4321808510638
239.125000000000	-61.4497340425532
239.375000000000	-61.5218676122932
239.625000000000	-61.5525709219858
239.875000000000	-61.6164893617021
240.125000000000	-61.6443853427896
240.375000000000	-61.6587470449173
240.625000000000	-61.6659278959811
240.875000000000	-61.7107860520095
241.125000000000	-61.7495271867612
241.375000000000	-61.7553486997636
241.625000000000	-61.7886229314421
241.875000000000	-61.8423167848700
242.125000000000	-61.8814420803782
242.375000000000	-61.9353427895981
242.625000000000	-61.9748226950355
242.875000000000	-61.9940602836879
243.125000000000	-62.0128546099291
243.375000000000	-62.0589243498818
243.625000000000	-62.0925531914894
243.875000000000	-62.1169030732861
244.125000000000	-62.1743498817967
244.375000000000	-62.2187647754137
244.625000000000	-62.2621749408984
244.875000000000	-62.2808510638298
245.125000000000	-62.3135933806147
245.375000000000	-62.3437647754137
245.625000000000	-62.3490839243499
245.875000000000	-62.3832446808511
246.125000000000	-62.4314125295508
246.375000000000	-62.4497931442081
246.625000000000	-62.4760342789598
246.875000000000	-62.4885342789598
247.125000000000	-62.5048463356974
247.375000000000	-62.4981087470449
247.625000000000	-62.4856087470449
247.875000000000	-62.4956855791962
248.125000000000	-62.4963061465721
248.375000000000	-62.5294030732860
248.625000000000	-62.5452127659574
248.875000000000	-62.5565307328605
249.125000000000	-62.5544030732861
249.375000000000	-62.5886229314421
249.625000000000	-62.5950354609929
249.875000000000	-62.5872044917258
250.125000000000	-62.5840425531915
250.375000000000	-62.5946808510638
250.625000000000	-62.5705673758865
250.875000000000	-62.5653959810875
251.125000000000	-62.5380614657211
251.375000000000	-62.5290189125295
251.625000000000	-62.5299940898345
251.875000000000	-62.5131205673759
252.125000000000	-62.5059397163121
252.375000000000	-62.5032210401891
252.625000000000	-62.4743794326241
252.875000000000	-62.4577127659575
253.125000000000	-62.4517434988180
253.375000000000	-62.4436170212766
253.625000000000	-62.4731678486997
253.875000000000	-62.4601950354610
254.125000000000	-62.4750591016548
254.375000000000	-62.4724881796691
254.625000000000	-62.5028959810875
254.875000000000	-62.5065602836880
255.125000000000	-62.5285460992908
255.375000000000	-62.5735815602837
255.625000000000	-62.5807919621749
255.875000000000	-62.6029255319149
256.125000000000	-62.6099881796690
256.375000000000	-62.6211879432624
256.625000000000	-62.6579491725768
256.875000000000	-62.7171985815603
257.125000000000	-62.7803191489362
257.375000000000	-62.8192375886525
257.625000000000	-62.8631205673759
257.875000000000	-62.9043439716312
258.125000000000	-62.9361702127660
258.375000000000	-62.9523640661939
258.625000000000	-63.0001182033097
258.875000000000	-63.0687647754137
259.125000000000	-63.1329787234042
259.375000000000	-63.2091607565012
259.625000000000	-63.2544326241135
259.875000000000	-63.3268321513002
260.125000000000	-63.3826241134752
260.375000000000	-63.4114361702128
260.625000000000	-63.4283096926714
260.875000000000	-63.4832742316785
261.125000000000	-63.5016548463357
261.375000000000	-63.5357860520095
261.625000000000	-63.5572990543735
261.875000000000	-63.5583628841608
262.125000000000	-63.5713947990544
262.375000000000	-63.5856678486997
262.625000000000	-63.6113475177305
262.875000000000	-63.6319444444444
263.125000000000	-63.6555260047281
263.375000000000	-63.6782801418440
263.625000000000	-63.6617907801418
263.875000000000	-63.6635638297872
264.125000000000	-63.6797281323877
264.375000000000	-63.7015366430260
264.625000000000	-63.7247931442080
264.875000000000	-63.7322695035461
265.125000000000	-63.7481087470449
265.375000000000	-63.7273049645390
265.625000000000	-63.7082742316785
265.875000000000	-63.6600177304964
266.125000000000	-63.6233451536643
266.375000000000	-63.5906914893617
266.625000000000	-63.5278368794327
266.875000000000	-63.4438829787234
267.125000000000	-63.3646276595744
267.375000000000	-63.3157801418440
267.625000000000	-63.2889184397163
267.875000000000	-63.2866430260047
268.125000000000	-63.3405437352246
268.375000000000	-63.4170803782506
268.625000000000	-63.4725768321513
268.875000000000	-63.5435283687943
269.125000000000	-63.5955082742317
269.375000000000	-63.6708333333333
269.625000000000	-63.7196808510638
269.875000000000	-63.7841312056737
270.125000000000	-63.8276595744681
270.375000000000	-63.8569148936170
270.625000000000	-63.8533392434988
270.875000000000	-63.8696217494090
271.125000000000	-63.9249408983452
271.375000000000	-63.9850472813239
271.625000000000	-64.0041666666667
271.875000000000	-64.0601654846336
272.125000000000	-64.0799054373523
272.375000000000	-64.0558806146572
272.625000000000	-64.0455082742317
272.875000000000	-64.0273049645390
273.125000000000	-64.0185579196217
273.375000000000	-63.9924349881797
273.625000000000	-63.9709219858156
273.875000000000	-63.9499113475177
274.125000000000	-63.9335697399527
274.375000000000	-63.8974586288416
274.625000000000	-63.8976654846336
274.875000000000	-63.8996158392435
275.125000000000	-63.8856678486998
275.375000000000	-63.8620567375887
275.625000000000	-63.8555851063830
275.875000000000	-63.8327718676123
276.125000000000	-63.8116134751773
276.375000000000	-63.7677600472813
276.625000000000	-63.7271276595745
276.875000000000	-63.6782801418440
277.125000000000	-63.6542848699763
277.375000000000	-63.6308215130024
277.625000000000	-63.6069444444444
277.875000000000	-63.5763297872340
278.125000000000	-63.5280141843972
278.375000000000	-63.4861406619385
278.625000000000	-63.4441784869976
278.875000000000	-63.4281323877069
279.125000000000	-63.3959810874704
279.375000000000	-63.3854314420804
279.625000000000	-63.3609633569740
279.875000000000	-63.3341607565012
280.125000000000	-63.3193262411347
280.375000000000	-63.3009160756501
280.625000000000	-63.3287529550828
280.875000000000	-63.3457151300237
281.125000000000	-63.3447695035461
281.375000000000	-63.3507978723404
281.625000000000	-63.3375000000000
281.875000000000	-63.3325059101655
282.125000000000	-63.2997931442081
282.375000000000	-63.2792848699764
282.625000000000	-63.2707446808511
282.875000000000	-63.2218676122931
283.125000000000	-63.1661052009456
283.375000000000	-63.1083333333333
283.625000000000	-63.0688829787234
283.875000000000	-63.0296394799055
284.125000000000	-63.0062352245863
284.375000000000	-62.9920803782506
284.625000000000	-62.9640957446808
284.875000000000	-62.9203014184397
285.125000000000	-62.8652777777778
285.375000000000	-62.8169030732861
285.625000000000	-62.7596926713948
285.875000000000	-62.6888002364066
286.125000000000	-62.6378250591017
286.375000000000	-62.5577423167849
286.625000000000	-62.4682033096927
286.875000000000	-62.3789302600473
287.125000000000	-62.2887411347518
287.375000000000	-62.2501773049645
287.625000000000	-62.2251182033097
287.875000000000	-62.1686465721040
288.125000000000	-62.1050531914893
288.375000000000	-62.0242907801419
288.625000000000	-61.9592494089834
288.875000000000	-61.8912234042553
289.125000000000	-61.8350177304965
289.375000000000	-61.7729609929078
289.625000000000	-61.6920803782506
289.875000000000	-61.6195035460993
290.125000000000	-61.5506205673759
290.375000000000	-61.4798167848700
290.625000000000	-61.3901891252955
290.875000000000	-61.3249113475177
291.125000000000	-61.2681146572104
291.375000000000	-61.1984929078014
291.625000000000	-61.1252955082742
291.875000000000	-61.0488475177305
292.125000000000	-60.9723404255319
292.375000000000	-60.8992907801418
292.625000000000	-60.7740248226950
292.875000000000	-60.6660460992908
293.125000000000	-60.5693262411347
293.375000000000	-60.4832446808510
293.625000000000	-60.3806442080378
293.875000000000	-60.2871749408983
294.125000000000	-60.2027482269504
294.375000000000	-60.1112293144208
294.625000000000	-60.0014184397163
294.875000000000	-59.8965130023641
295.125000000000	-59.7890661938534
295.375000000000	-59.6833333333333
295.625000000000	-59.5632387706856
295.875000000000	-59.4465130023641
296.125000000000	-59.2899822695036
296.375000000000	-59.1562943262411
296.625000000000	-59.0659574468085
296.875000000000	-59.0005614657210
297.125000000000	-58.9423463356974
297.375000000000	-58.8974881796691
297.625000000000	-58.8473699763593
297.875000000000	-58.7946513002364
298.125000000000	-58.7398049645390
298.375000000000	-58.6766843971631
298.625000000000	-58.6192375886525
298.875000000000	-58.5484338061466
299.125000000000	-58.4902186761230
299.375000000000	-58.4236997635934
299.625000000000	-58.3723699763593
299.875000000000	-58.3383569739953
300.125000000000	-58.2492612293144
300.375000000000	-58.1859929078014
300.625000000000	-58.1276891252955
300.875000000000	-58.0637411347518
301.125000000000	-57.9834219858156
301.375000000000	-57.9325059101655
301.625000000000	-57.8921099290780
301.875000000000	-57.8262706855792
302.125000000000	-57.7664893617021
302.375000000000	-57.7183510638298
302.625000000000	-57.6423758865248
302.875000000000	-57.5789007092199
303.125000000000	-57.5111997635934
303.375000000000	-57.4410460992908
303.625000000000	-57.3708628841608
303.875000000000	-57.3062056737589
304.125000000000	-57.2385047281324
304.375000000000	-57.1945035460993
304.625000000000	-57.1781028368795
304.875000000000	-57.1945035460993
305.125000000000	-57.2151891252955
305.375000000000	-57.2445921985816
305.625000000000	-57.2990839243499
305.875000000000	-57.3403368794326
306.125000000000	-57.3340425531915
306.375000000000	-57.3297281323877
306.625000000000	-57.3189125295508
306.875000000000	-57.3282210401891
307.125000000000	-57.2837765957447
307.375000000000	-57.2679373522459
307.625000000000	-57.2146276595745
307.875000000000	-57.1828900709220
308.125000000000	-57.1356382978723
308.375000000000	-57.1169030732861
308.625000000000	-57.0725472813239
308.875000000000	-57.0455969267140
309.125000000000	-56.9951241134752
309.375000000000	-56.9590721040189
309.625000000000	-56.8920508274232
309.875000000000	-56.8489361702127
310.125000000000	-56.7837470449172
310.375000000000	-56.6884456264775
310.625000000000	-56.5845449172577
310.875000000000	-56.4919621749409
311.125000000000	-56.3932328605201
311.375000000000	-56.3429669030733
311.625000000000	-56.2669030732860
311.875000000000	-56.1841903073286
312.125000000000	-56.0886820330969
312.375000000000	-55.9980200945627
312.625000000000	-55.8778959810875
312.875000000000	-55.7415189125295
313.125000000000	-55.6196513002364
313.375000000000	-55.4838061465721
313.625000000000	-55.3968676122931
313.875000000000	-55.2838356973995
314.125000000000	-55.1814125295508
314.375000000000	-55.0830673758865
314.625000000000	-54.9765661938534
314.875000000000	-54.8895981087470
315.125000000000	-54.7689420803782
315.375000000000	-54.6243498817967
315.625000000000	-54.4709810874704
315.875000000000	-54.3226359338061
316.125000000000	-54.1969267139480
316.375000000000	-54.0680555555556
316.625000000000	-53.9828900709220
316.875000000000	-53.8788416075650
317.125000000000	-53.7510933806147
317.375000000000	-53.6409574468085
317.625000000000	-53.5025118203310
317.875000000000	-53.3501477541371
318.125000000000	-53.1445330969267
318.375000000000	-52.8843971631206
318.625000000000	-52.6402482269504
318.875000000000	-52.3652482269504
319.125000000000	-52.0691193853428
319.375000000000	-51.7432033096927
319.625000000000	-51.3875886524823
319.875000000000	-51.0048463356974
320.125000000000	-50.7859929078014
320.375000000000	-50.7109633569740
320.625000000000	-50.6891252955083
320.875000000000	-50.7109042553191
321.125000000000	-50.7175827423168
321.375000000000	-50.6834219858156
321.625000000000	-50.5802009456265
321.875000000000	-50.5897163120567
322.125000000000	-50.6175827423168
322.375000000000	-50.5858747044917
322.625000000000	-50.5639184397163
322.875000000000	-50.5330673758865
323.125000000000	-50.4922872340426
323.375000000000	-50.4645390070922
323.625000000000	-50.4374113475177
323.875000000000	-50.4374704491726
324.125000000000	-50.4215425531915
324.375000000000	-50.4005023640662
324.625000000000	-50.4268026004728
324.875000000000	-50.4736406619385
325.125000000000	-50.4264184397163
325.375000000000	-50.4510933806147
325.625000000000	-50.4574468085106
325.875000000000	-50.4551122931442
326.125000000000	-50.4792257683215
326.375000000000	-50.5226063829787
326.625000000000	-50.5558510638298
326.875000000000	-50.5690307328605
327.125000000000	-50.5898936170213
327.375000000000	-50.6106087470449
327.625000000000	-50.6254137115839
327.875000000000	-50.6321513002364
328.125000000000	-50.6253250591017
328.375000000000	-50.6447695035461
328.625000000000	-50.6717198581560
328.875000000000	-50.6834810874705
329.125000000000	-50.6888002364066
329.375000000000	-50.6830969267139
329.625000000000	-50.6611997635934
329.875000000000	-50.6243498817967
330.125000000000	-50.6197990543735
330.375000000000	-50.5835992907801
330.625000000000	-50.5583037825059
330.875000000000	-50.5373226950355
331.125000000000	-50.5690011820331
331.375000000000	-50.5882092198582
331.625000000000	-50.6403368794326
331.875000000000	-50.7257092198581
332.125000000000	-50.7989066193854
332.375000000000	-50.8894503546099
332.625000000000	-50.8899231678487
332.875000000000	-50.8617021276596
333.125000000000	-50.8011820330969
333.375000000000	-50.7229314420804
333.625000000000	-50.6460992907801
333.875000000000	-50.5585992907801
334.125000000000	-50.4598108747045
334.375000000000	-50.3593676122932
334.625000000000	-50.2628250591017
334.875000000000	-50.1789598108747
335.125000000000	-50.0989952718676
335.375000000000	-50.0246158392435
335.625000000000	-49.9289007092199
335.875000000000	-49.8247635933806
336.125000000000	-49.7436465721040
336.375000000000	-49.6816193853428
336.625000000000	-49.5863179669031
336.875000000000	-49.5063238770686
337.125000000000	-49.4266252955083
337.375000000000	-49.3834219858156
337.625000000000	-49.3121749408984
337.875000000000	-49.2613179669031
338.125000000000	-49.2205082742317
338.375000000000	-49.1747931442080
338.625000000000	-49.1069148936170
338.875000000000	-49.0429669030733
339.125000000000	-48.9815898345154
339.375000000000	-48.9352836879433
339.625000000000	-48.8912529550828
339.875000000000	-48.8213356973995
340.125000000000	-48.8045803782506
340.375000000000	-48.7726063829787
340.625000000000	-48.7460401891253
340.875000000000	-48.7196217494090
341.125000000000	-48.6964539007092
341.375000000000	-48.6898640661939
341.625000000000	-48.6881796690307
341.875000000000	-48.6770390070922
342.125000000000	-48.6777186761229
342.375000000000	-48.6764479905437
342.625000000000	-48.6689420803783
342.875000000000	-48.6534574468085
343.125000000000	-48.6374408983452
343.375000000000	-48.6199468085107
343.625000000000	-48.6083333333333
343.875000000000	-48.5914007092199
344.125000000000	-48.5682328605201
344.375000000000	-48.5559692671395
344.625000000000	-48.5269799054374
344.875000000000	-48.5015661938534
345.125000000000	-48.4630910165485
345.375000000000	-48.4326832151300
345.625000000000	-48.3873226950355
345.875000000000	-48.3144208037825
346.125000000000	-48.2766548463357
346.375000000000	-48.2044917257683
346.625000000000	-48.1098699763593
346.875000000000	-47.9988475177305
347.125000000000	-47.9286643026005
347.375000000000	-47.8446808510638
347.625000000000	-47.7847517730496
347.875000000000	-47.7192671394799
348.125000000000	-47.6111702127660
348.375000000000	-47.5174054373523
348.625000000000	-47.4746749408983
348.875000000000	-47.4053782505910
349.125000000000	-47.3319148936170
349.375000000000	-47.2575945626477
349.625000000000	-47.2255614657211
349.875000000000	-47.1656323877069
350.125000000000	-47.1403073286052
350.375000000000	-47.1053782505910
350.625000000000	-47.0404846335697
350.875000000000	-46.9952718676123
351.125000000000	-46.9171394799055
351.375000000000	-47.7079491725768
351.625000000000	-47.6738475177305
351.875000000000	-47.6964834515366
352.125000000000	-47.7581560283688
352.375000000000	-47.9132387706856
352.625000000000	-48.1421690307329
352.875000000000	-48.4180555555556
353.125000000000	-48.6957151300236
353.375000000000	-48.9742316784870
353.625000000000	-49.1996453900709
353.875000000000	-49.3753546099291
354.125000000000	-49.5070330969267
354.375000000000	-49.6103132387707
354.625000000000	-49.6843380614657
354.875000000000	-49.7467494089835
355.125000000000	-49.7821217494090
355.375000000000	-49.8148345153664
355.625000000000	-49.8358747044917
355.875000000000	-49.8529550827423
356.125000000000	-49.8483156028369
356.375000000000	-49.8191489361702
356.625000000000	-49.8080969267140
356.875000000000	-49.7911052009456
357.125000000000	-49.7648049645390
357.375000000000	-49.7571217494090
357.625000000000	-49.7768026004728
357.875000000000	-49.8290189125296
358.125000000000	-49.8767139479905
358.375000000000	-49.9240248226951
358.625000000000	-49.9692375886525
358.875000000000	-50.0080969267140
359.125000000000	-50.0454491725768
359.375000000000	-50.0783392434988
359.625000000000	-50.1250295508274
359.875000000000	-50.1956560283688
