 -4.1640509e+001  1.7630274e+002
 -4.1640509e+001  1.7822350e+002
 -4.1640509e+001 -1.7953562e+002
 -4.1528985e+001 -1.7729473e+002
 -4.1194411e+001 -1.7569410e+002
 -4.0859837e+001 -1.7377334e+002
 -4.0636788e+001 -1.7185258e+002
 -4.0302214e+001 -1.7025195e+002
 -3.9967640e+001 -1.6801106e+002
 -3.9521541e+001 -1.6641043e+002
 -3.8963918e+001 -1.6480980e+002
 -3.8294770e+001 -1.6384942e+002
 -3.7625623e+001 -1.6256892e+002
 -3.6956475e+001 -1.6160854e+002
 -3.6287327e+001 -1.6000790e+002
 -3.5618179e+001 -1.5872740e+002
 -3.5283605e+001 -1.5680664e+002
 -3.5060556e+001 -1.5520601e+002
 -3.4949031e+001 -1.5232487e+002
 -3.4949031e+001 -1.5008398e+002
 -3.4949031e+001 -1.4816322e+002
 -3.4949031e+001 -1.4656259e+002
 -3.4949031e+001 -1.4464183e+002
 -3.4949031e+001 -1.4272107e+002
 -3.4949031e+001 -1.4080032e+002
 -3.4949031e+001 -1.3887956e+002
 -3.4949031e+001 -1.3663867e+002
 -3.4949031e+001 -1.3439779e+002
 -3.4949031e+001 -1.3247703e+002
 -3.4949031e+001 -1.3023614e+002
 -3.4837507e+001 -1.2799526e+002
 -3.4837507e+001 -1.2575437e+002
 -3.4949031e+001 -1.2383361e+002
 -3.4949031e+001 -1.2127260e+002
 -3.4949031e+001 -1.1903172e+002
 -3.4949031e+001 -1.1647071e+002
 -3.4949031e+001 -1.1454995e+002
 -3.4949031e+001 -1.1262919e+002
 -3.4949031e+001 -1.1038830e+002
 -3.4949031e+001 -1.0750716e+002
 -3.4949031e+001 -1.0526628e+002
 -3.4949031e+001 -1.0302539e+002
 -3.4837507e+001 -1.0078451e+002
 -3.4949031e+001 -9.8863750e+001
 -3.4949031e+001 -9.6622865e+001
 -3.4949031e+001 -9.4061854e+001
 -3.4949031e+001 -9.2141095e+001
 -3.4837507e+001 -9.0220336e+001
 -3.4837507e+001 -8.7979451e+001
 -3.4837507e+001 -8.4778186e+001
 -3.4837507e+001 -8.2857428e+001
 -3.4949031e+001 -8.0296416e+001
 -3.4837507e+001 -7.8695784e+001
 -3.4502933e+001 -7.7095152e+001
 -3.3945310e+001 -7.5494519e+001
 -3.3276162e+001 -7.4854266e+001
 -3.2495490e+001 -7.4534140e+001
 -3.1714817e+001 -7.4534140e+001
