 -4.7216741e+001  1.5005237e+002
 -4.7216741e+001  1.5229325e+002
 -4.7216741e+001  1.5453414e+002
 -4.7216741e+001  1.5677503e+002
 -4.7216741e+001  1.5837566e+002
 -4.7328266e+001  1.6029642e+002
 -4.7551315e+001  1.6221717e+002
 -4.7662839e+001  1.6413793e+002
 -4.7774364e+001  1.6573857e+002
 -4.7774364e+001  1.6701907e+002
 -4.7662839e+001  1.6861970e+002
 -4.7105216e+001  1.6990021e+002
 -4.6659118e+001  1.7118072e+002
 -4.6213019e+001  1.7182097e+002
 -4.5655396e+001  1.7246122e+002
 -4.5209298e+001  1.7374173e+002
 -4.4986248e+001  1.7566249e+002
 -4.4874724e+001  1.7822350e+002
 -4.4874724e+001 -1.7953562e+002
 -4.4986248e+001 -1.7729473e+002
 -4.5097773e+001 -1.7505385e+002
 -4.4986248e+001 -1.7313309e+002
 -4.4874724e+001 -1.7057208e+002
 -4.4763199e+001 -1.6929157e+002
 -4.4428625e+001 -1.6769094e+002
 -4.4094051e+001 -1.6641043e+002
 -4.3647953e+001 -1.6512993e+002
 -4.3090330e+001 -1.6416955e+002
 -4.2644231e+001 -1.6288904e+002
 -4.2086608e+001 -1.6128841e+002
 -4.1528985e+001 -1.6032803e+002
 -4.0971362e+001 -1.5872740e+002
 -4.0525263e+001 -1.5744689e+002
 -4.0079165e+001 -1.5584626e+002
 -3.9856115e+001 -1.5424563e+002
 -3.9633066e+001 -1.5200474e+002
 -3.9521541e+001 -1.4944373e+002
 -3.9410017e+001 -1.4720285e+002
 -3.9298492e+001 -1.4464183e+002
 -3.9298492e+001 -1.4272107e+002
 -3.9298492e+001 -1.4080032e+002
 -3.9298492e+001 -1.3855943e+002
 -3.9186967e+001 -1.3599842e+002
 -3.9186967e+001 -1.3343741e+002
 -3.9186967e+001 -1.3087640e+002
 -3.9186967e+001 -1.2799526e+002
 -3.9298492e+001 -1.2543425e+002
 -3.9410017e+001 -1.2255311e+002
 -3.9521541e+001 -1.1903172e+002
 -3.9633066e+001 -1.1551033e+002
 -3.9744591e+001 -1.1230906e+002
 -3.9744591e+001 -1.0846754e+002
 -3.9744591e+001 -1.0462603e+002
 -3.9744591e+001 -1.0174489e+002
 -3.9633066e+001 -9.8863750e+001
 -3.9521541e+001 -9.5662486e+001
 -3.9298492e+001 -9.2461221e+001
 -3.9075443e+001 -8.8619704e+001
 -3.8963918e+001 -8.5418439e+001
 -3.8963918e+001 -8.2857428e+001
 -3.9186967e+001 -7.9976290e+001
 -3.8963918e+001 -7.7415278e+001
 -3.8294770e+001 -7.5494519e+001
 -3.7737147e+001 -7.4854266e+001
