 -5.1677726e+001  1.5037250e+002
 -5.1677726e+001  1.5229325e+002
 -5.1789251e+001  1.5389389e+002
 -5.2235349e+001  1.5517439e+002
 -5.2569923e+001  1.5677503e+002
 -5.2792973e+001  1.5805553e+002
 -5.2792973e+001  1.5997629e+002
 -5.3016022e+001  1.6125680e+002
 -5.3462120e+001  1.6253730e+002
 -5.3908219e+001  1.6285743e+002
 -5.4577367e+001  1.6381781e+002
 -5.5134990e+001  1.6445806e+002
 -5.5469564e+001  1.6541844e+002
 -5.5692613e+001  1.6701907e+002
 -5.5469564e+001  1.6829958e+002
 -5.5134990e+001  1.6958008e+002
 -5.4688891e+001  1.7118072e+002
 -5.4354317e+001  1.7278135e+002
 -5.3796694e+001  1.7406185e+002
 -5.3239071e+001  1.7470211e+002
 -5.2681448e+001  1.7534236e+002
 -5.2123825e+001  1.7662287e+002
 -5.1343152e+001  1.7726312e+002
 -5.0674005e+001  1.7790337e+002
 -5.0339431e+001  1.7886375e+002
 -5.0004857e+001 -1.7985574e+002
 -5.0004857e+001 -1.7857524e+002
 -5.0004857e+001 -1.7697461e+002
 -5.0116381e+001 -1.7505385e+002
 -5.0116381e+001 -1.7217271e+002
 -5.0227906e+001 -1.6929157e+002
 -5.0339431e+001 -1.6609031e+002
 -5.0450955e+001 -1.6288904e+002
 -5.0339431e+001 -1.6000790e+002
 -5.0450955e+001 -1.5712677e+002
 -5.0450955e+001 -1.5424563e+002
 -5.0562480e+001 -1.5136449e+002
 -5.0785529e+001 -1.4976386e+002
 -5.1231628e+001 -1.4784310e+002
 -5.1789251e+001 -1.4656259e+002
 -5.2569923e+001 -1.4496196e+002
 -5.3127546e+001 -1.4400158e+002
 -5.3685170e+001 -1.4208082e+002
 -5.4242793e+001 -1.3791918e+002
 -5.4688891e+001 -1.3343741e+002
 -5.5023465e+001 -1.2927576e+002
 -5.5246514e+001 -1.2479399e+002
 -5.5581088e+001 -1.2031222e+002
 -5.5804138e+001 -1.1711096e+002
 -5.5804138e+001 -1.1519020e+002
 -5.5581088e+001 -1.1262919e+002
 -5.5134990e+001 -1.0942792e+002
 -5.5023465e+001 -1.0686691e+002
 -5.5023465e+001 -1.0238514e+002
 -5.5134990e+001 -9.8543624e+001
 -5.5134990e+001 -9.5662486e+001
 -5.5246514e+001 -9.3101474e+001
 -5.5358039e+001 -9.0860589e+001
 -5.5581088e+001 -8.7659325e+001
 -5.6027187e+001 -8.5098313e+001
 -5.6696335e+001 -8.1576922e+001
 -5.7253958e+001 -7.9015910e+001
 -5.7700056e+001 -7.6454899e+001
 -5.8034630e+001 -7.4534140e+001
 -5.8034630e+001 -7.2933508e+001
 -5.7923106e+001 -7.1332875e+001
